14
[[0.0, 50.2, 88.30000000000001, 32.8, 34.9, 43.8, 86.9, 84.6, 48.6, 66.2, 89.7, 64.5, 18.5, 59.1], [50.2, 0.0, 72.6, 83.0, 17.1, 80.8, 70.7, 68.9, 63.6, 62.1, 47.5, 63.2, 33.5, 61.7], [88.30000000000001, 72.6, 0.0, 74.0, 71.2, 85.0, 68.89999999999999, 3.8, 39.7, 41.0, 64.5, 25.1, 69.80000000000001, 36.1], [32.8, 83.0, 74.0, 0.0, 67.69999999999999, 11.0, 108.0, 77.8, 48.4, 68.6, 91.4, 64.3, 51.3, 37.9], [34.9, 17.1, 71.2, 67.69999999999999, 0.0, 63.699999999999996, 87.8, 67.5, 46.5, 45.0, 64.6, 46.1, 16.4, 44.6], [43.8, 80.8, 85.0, 11.0, 63.699999999999996, 0.0, 119.0, 88.8, 59.4, 79.6, 101.9, 75.3, 47.3, 48.9], [86.9, 70.7, 68.89999999999999, 108.0, 87.80000000000001, 119.0, 0.0, 65.1, 61.4, 46.7, 23.2, 62.6, 91.5, 70.1], [84.6, 68.9, 3.8, 77.8, 67.5, 88.8, 65.1, 0.0, 37.3, 37.3, 60.8, 21.4, 66.1, 39.9], [48.6, 63.6, 39.7, 48.4, 46.5, 59.4, 61.4, 37.3, 0.0, 31.8, 55.3, 15.9, 30.1, 10.5], [66.2, 62.1, 41.0, 68.6, 45.0, 79.6, 46.7, 37.3, 31.8, 0.0, 23.5, 15.9, 61.4, 42.3], [89.7, 47.5, 64.5, 91.4, 64.6, 101.9, 23.2, 60.8, 55.3, 23.5, 0.0, 39.4, 81.0, 65.8], [64.5, 63.2, 25.1, 64.3, 46.1, 75.3, 62.599999999999994, 21.4, 15.9, 15.9, 39.4, 0.0, 46.0, 26.4], [18.5, 33.5, 69.80000000000001, 51.3, 16.4, 47.3, 91.5, 66.1, 30.1, 61.4, 81.0, 46.0, 0.0, 40.6], [59.1, 61.7, 36.1, 37.9, 44.6, 48.9, 70.1, 39.9, 10.5, 42.3, 65.8, 26.4, 40.6, 0.0]]
[0, 10, 12, 11, 15, 5, 4, 19, 26, 26, 27, 8, 6, 15]
[79]