19
[[0.0, 52.0, 89.7, 39.2, 34.9, 35.8, 86.9, 85.9, 48.6, 80.4, 84.5, 64.5, 18.5, 55.8, 94.0, 87.6, 30.9, 83.4, 85.6], [52.0, 0.0, 72.7, 72.5, 17.1, 80.2, 93.80000000000001, 68.9, 52.0, 79.10000000000001, 74.0, 63.2, 33.5, 62.5, 83.5, 70.9, 80.8, 31.4, 83.9], [89.7, 72.7, 0.0, 89.5, 71.3, 91.4, 71.6, 3.8, 41.1, 31.0, 45.6, 25.2, 71.2, 51.6, 45.2, 48.7, 96.30000000000001, 104.0, 16.0], [39.2, 72.5, 89.49999999999999, 0.0, 74.1, 13.200000000000001, 109.8, 85.69999999999999, 48.4, 80.2, 91.69999999999999, 64.3, 57.7, 37.9, 97.8, 88.6, 8.3, 103.9, 100.69999999999999], [34.9, 17.1, 71.3, 74.1, 0.0, 63.699999999999996, 76.69999999999999, 67.5, 34.9, 62.0, 56.9, 46.1, 16.4, 45.4, 66.4, 53.8, 65.8, 48.5, 82.5], [35.8, 80.2, 91.39999999999999, 13.200000000000001, 63.699999999999996, 0.0, 111.0, 87.6, 60.9, 80.2, 104.6, 66.2, 47.3, 50.4, 109.5, 101.5, 4.9, 111.6, 102.6], [86.9, 93.79999999999998, 71.6, 109.80000000000001, 76.69999999999999, 111.0, 0.0, 71.4, 61.4, 44.2, 26.0, 60.1, 91.5, 71.9, 29.2, 22.9, 115.9, 125.19999999999999, 58.4], [85.9, 68.9, 3.8, 85.69999999999999, 67.5, 87.6, 71.4, 0.0, 37.3, 27.2, 49.4, 21.4, 67.4, 47.8, 44.2, 48.5, 92.5, 100.30000000000001, 15.0], [48.6, 52.0, 41.099999999999994, 48.4, 34.9, 60.9, 61.4, 37.3, 0.0, 31.8, 56.2, 15.9, 30.1, 10.5, 61.1, 53.1, 56.0, 83.4, 52.3], [80.4, 79.1, 31.0, 80.19999999999999, 62.0, 80.2, 44.2, 27.2, 31.8, 0.0, 24.400000000000002, 15.9, 61.900000000000006, 42.3, 29.3, 21.3, 75.3, 110.5, 42.2], [84.5, 74.0, 45.6, 91.69999999999999, 56.9, 104.60000000000001, 26.0, 49.4, 56.2, 24.400000000000002, 0.0, 40.300000000000004, 73.3, 55.7, 9.5, 3.1, 99.7, 105.4, 38.7], [64.5, 63.2, 25.2, 64.3, 46.1, 66.2, 60.1, 21.4, 15.9, 15.9, 40.300000000000004, 0.0, 46.0, 26.4, 45.2, 37.2, 71.10000000000001, 94.6, 36.4], [18.5, 33.5, 71.2, 57.7, 16.4, 47.3, 91.5, 67.4, 30.1, 61.9, 73.29999999999998, 46.0, 0.0, 37.3, 82.79999999999998, 70.19999999999999, 49.4, 64.9, 82.4], [55.8, 62.5, 51.599999999999994, 37.9, 45.4, 50.4, 71.9, 47.8, 10.5, 42.3, 55.7, 26.4, 37.3, 0.0, 65.2, 58.800000000000004, 45.5, 93.9, 62.8], [94.0, 83.5, 45.2, 97.8, 66.39999999999999, 109.5, 29.2, 44.2, 61.1, 29.3, 9.5, 45.2, 82.79999999999998, 65.2, 0.0, 12.6, 104.6, 114.9, 29.2], [87.6, 70.9, 48.7, 88.6, 53.8, 101.5, 22.9, 48.5, 53.1, 21.3, 3.1, 37.2, 70.19999999999999, 58.800000000000004, 12.6, 0.0, 96.6, 102.30000000000001, 41.8], [30.9, 80.8, 96.3, 8.3, 65.8, 4.9, 115.9, 92.5, 56.0, 75.3, 99.69999999999999, 71.10000000000001, 49.4, 45.5, 104.6, 96.6, 0.0, 112.19999999999999, 107.5], [83.4, 31.4, 104.0, 103.9, 48.5, 111.6, 125.19999999999999, 100.30000000000001, 83.4, 110.5, 105.39999999999999, 94.6, 64.9, 93.9, 114.89999999999999, 102.3, 112.2, 0.0, 97.1], [85.6, 83.9, 16.0, 100.69999999999999, 82.5, 102.6, 58.4, 15.0, 52.3, 42.2, 38.7, 36.4, 82.4, 62.8, 29.2, 41.800000000000004, 107.5, 97.1, 0.0]]
[0, 29, 9, 26, 7, 26, 14, 27, 30, 20, 9, 27, 8, 23, 5, 9, 25, 14, 19]
71
5